{
 "cells": [
  {
   "cell_type": "code",
   "execution_count": 1,
   "metadata": {
    "colab": {
     "base_uri": "https://localhost:8080/"
    },
    "id": "E1Z0GHjJHhwr",
    "outputId": "af8c68c8-2d79-4af9-8a01-13e1369c8ff6"
   },
   "outputs": [],
   "source": [
    "import os\n",
    "import math\n",
    "import numpy as np\n",
    "import sympy as sp\n",
    "from enum import Enum\n",
    "\n",
    "import ContinuumMechanics as CM"
   ]
  },
  {
   "cell_type": "markdown",
   "metadata": {},
   "source": [
    "Prepare Input Variables\n"
   ]
  },
  {
   "cell_type": "code",
   "execution_count": 2,
   "metadata": {},
   "outputs": [],
   "source": [
    "L = sp.Symbol('L', positive=True)\n",
    "E = sp.Symbol('E', positive=True)\n",
    "A = sp.Symbol('A', positive=True)\n",
    "S = E * A\n",
    "\n"
   ]
  },
  {
   "cell_type": "markdown",
   "metadata": {},
   "source": [
    "Set up the nodes. Node Id will determine the position in the System Matrix.\n",
    "Unlike where the system is formatted in \\[\\[Kcc,Kco\\],\\[Koc,Koo\\]\\] which would mean that the order matters. With this solver it does not. As it does the splitting in the \"SplitSystemMatrix\" function. \n",
    "\n",
    "![Example](BridgeExample.drawio.svg \"System Example\")"
   ]
  },
  {
   "cell_type": "code",
   "execution_count": 3,
   "metadata": {},
   "outputs": [],
   "source": [
    "Nodes = [\n",
    "    CM.Node2d(0, \"Node_1\", 0, L),\n",
    "    CM.Node2d(1, \"Node_2\", L, 2*L),\n",
    "    CM.Node2d(2, \"Node_3\", L, L),\n",
    "    CM.Node2d(3, \"Node_4\", 2*L,2*L),\n",
    "    CM.Node2d(4, \"Node_5\", 2*L, L),\n",
    "    CM.Node2d(5, \"Node_6\", 3*L, 2*L),\n",
    "    CM.Node2d(6, \"Node_7\", 3*L, L),\n",
    "    CM.Node2d(7, \"Node_8\", 3*L, 0),\n",
    "    CM.Node2d(8, \"Node_9\", 4*L, 2*L),\n",
    "    CM.Node2d(9, \"Node_10\", 4*L, L),\n",
    "    CM.Node2d(10, \"Node_11\", 4*L, 0),\n",
    "    CM.Node2d(11, \"Node_12\", 5*L, 2*L),\n",
    "    CM.Node2d(12, \"Node_13\", 5*L, L),\n",
    "    CM.Node2d(13, \"Node_14\", 6*L, 2*L),\n",
    "    CM.Node2d(14, \"Node_15\", 6*L, L),\n",
    "    CM.Node2d(15, \"Node_16\", 7*L, L),\n",
    "]\n",
    "\n",
    "beamconnections = [[1,2,S],[1,3,S],[2,3,S],[2,4,S],[3,4,S],[3,5,S],[4,5,S],\n",
    " [4,6,S],[5,6,S],[5,7,S],[6,7,S],[6,9,S],[6,10,S],[7,8,S],[7,9,S],[7,10,S],\n",
    " [8,10,S],[9,10,S],[9,12,S],[9,13,S],[6,10,S],[7,8,S],[7,9,S],[7,10,S],[7,11,S],\n",
    " [9,10,S],[9,12,S],[9,13,S],[10,11,S],[10,13,S],[12,13,S],[12,14,S],[12,15,S],\n",
    " [13,15,S],[14,15,S],[14,16,S],[15,16,S]\n",
    " ]\n",
    "\n",
    "BeamList = []\n",
    "i=0\n",
    "for connection in beamconnections:\n",
    "    BeamList.append(CM.Edge(\n",
    "        i, \n",
    "        \"Beam_{0}^{1}\".format(\n",
    "            connection[0],\n",
    "            connection[1]), \n",
    "        Nodes[connection[0]-1], \n",
    "        Nodes[connection[1]-1], \n",
    "        connection[2]))\n",
    "    i+=1\n"
   ]
  },
  {
   "cell_type": "markdown",
   "metadata": {},
   "source": [
    "Set up which forces and displacements you know\n"
   ]
  },
  {
   "cell_type": "code",
   "execution_count": 4,
   "metadata": {},
   "outputs": [],
   "source": [
    "knownDisplacements = [CM.NodeValue(Nodes[0], CM.Axis.X, 0),\n",
    "                      CM.NodeValue(Nodes[0], CM.Axis.Y, 0),\n",
    "                      CM.NodeValue(Nodes[7], CM.Axis.X, 0),\n",
    "                      CM.NodeValue(Nodes[7], CM.Axis.Y, 0),\n",
    "                      CM.NodeValue(Nodes[10], CM.Axis.X, 0),\n",
    "                      CM.NodeValue(Nodes[10], CM.Axis.Y, 0),\n",
    "                      CM.NodeValue(Nodes[15], CM.Axis.X, 0),\n",
    "                      CM.NodeValue(Nodes[15], CM.Axis.Y, 0),]\n",
    "\n",
    "F1 = sp.Symbol('F_1')\n",
    "F2 = sp.Symbol('F_2')\n",
    "F3 = sp.Symbol('F_3')\n",
    "alpha = sp.Symbol(\"\\\\alpha\")\n",
    "\n",
    "knownForces = [CM.NodeValue(Nodes[1], CM.Axis.X, 0),\n",
    "               CM.NodeValue(Nodes[1], CM.Axis.Y, 0),\n",
    "               CM.NodeValue(Nodes[2], CM.Axis.X, 0),\n",
    "               CM.NodeValue(Nodes[2], CM.Axis.Y, -F1),\n",
    "               CM.NodeValue(Nodes[3], CM.Axis.X, 0),\n",
    "               CM.NodeValue(Nodes[3], CM.Axis.Y, 0),\n",
    "               CM.NodeValue(Nodes[4], CM.Axis.X, 0),\n",
    "               CM.NodeValue(Nodes[4], CM.Axis.Y, -F1),\n",
    "               CM.NodeValue(Nodes[5], CM.Axis.X, sp.cos(alpha)*F3),\n",
    "               CM.NodeValue(Nodes[5], CM.Axis.Y, -sp.sin(alpha)*F3),\n",
    "               CM.NodeValue(Nodes[6], CM.Axis.X, 0),\n",
    "               CM.NodeValue(Nodes[6], CM.Axis.Y, 0),\n",
    "               CM.NodeValue(Nodes[8], CM.Axis.X, 0),\n",
    "               CM.NodeValue(Nodes[8], CM.Axis.Y, 0),\n",
    "               CM.NodeValue(Nodes[9], CM.Axis.X, 0),\n",
    "               CM.NodeValue(Nodes[9], CM.Axis.Y, 0),\n",
    "               CM.NodeValue(Nodes[11], CM.Axis.X, 0),\n",
    "               CM.NodeValue(Nodes[11], CM.Axis.Y, 0),\n",
    "               CM.NodeValue(Nodes[12], CM.Axis.X, 0),\n",
    "               CM.NodeValue(Nodes[12], CM.Axis.Y, -F2),\n",
    "               CM.NodeValue(Nodes[13], CM.Axis.X, 0),\n",
    "               CM.NodeValue(Nodes[13], CM.Axis.Y, 0),\n",
    "               CM.NodeValue(Nodes[14], CM.Axis.X, 0),\n",
    "               CM.NodeValue(Nodes[14], CM.Axis.Y, -F2)\n",
    "    ]\n"
   ]
  },
  {
   "cell_type": "markdown",
   "metadata": {},
   "source": [
    "Set up the system\n"
   ]
  },
  {
   "cell_type": "code",
   "execution_count": 5,
   "metadata": {},
   "outputs": [
    {
     "data": {
      "text/latex": [
       "$\\displaystyle \\left[\\begin{array}{cccccccccccccccccccccccccccccccc}\\frac{\\sqrt{2}}{4} + 1 & \\frac{\\sqrt{2}}{4} & - \\frac{\\sqrt{2}}{4} & - \\frac{\\sqrt{2}}{4} & -1 & 0 & 0 & 0 & 0 & 0 & 0 & 0 & 0 & 0 & 0 & 0 & 0 & 0 & 0 & 0 & 0 & 0 & 0 & 0 & 0 & 0 & 0 & 0 & 0 & 0 & 0 & 0\\\\\\frac{\\sqrt{2}}{4} & \\frac{\\sqrt{2}}{4} & - \\frac{\\sqrt{2}}{4} & - \\frac{\\sqrt{2}}{4} & 0 & 0 & 0 & 0 & 0 & 0 & 0 & 0 & 0 & 0 & 0 & 0 & 0 & 0 & 0 & 0 & 0 & 0 & 0 & 0 & 0 & 0 & 0 & 0 & 0 & 0 & 0 & 0\\\\- \\frac{\\sqrt{2}}{4} & - \\frac{\\sqrt{2}}{4} & \\frac{\\sqrt{2}}{4} + 1 & \\frac{\\sqrt{2}}{4} & 0 & 0 & -1 & 0 & 0 & 0 & 0 & 0 & 0 & 0 & 0 & 0 & 0 & 0 & 0 & 0 & 0 & 0 & 0 & 0 & 0 & 0 & 0 & 0 & 0 & 0 & 0 & 0\\\\- \\frac{\\sqrt{2}}{4} & - \\frac{\\sqrt{2}}{4} & \\frac{\\sqrt{2}}{4} & \\frac{\\sqrt{2}}{4} + 1 & 0 & -1 & 0 & 0 & 0 & 0 & 0 & 0 & 0 & 0 & 0 & 0 & 0 & 0 & 0 & 0 & 0 & 0 & 0 & 0 & 0 & 0 & 0 & 0 & 0 & 0 & 0 & 0\\\\-1 & 0 & 0 & 0 & \\frac{\\sqrt{2}}{4} + 2 & \\frac{\\sqrt{2}}{4} & - \\frac{\\sqrt{2}}{4} & - \\frac{\\sqrt{2}}{4} & -1 & 0 & 0 & 0 & 0 & 0 & 0 & 0 & 0 & 0 & 0 & 0 & 0 & 0 & 0 & 0 & 0 & 0 & 0 & 0 & 0 & 0 & 0 & 0\\\\0 & 0 & 0 & -1 & \\frac{\\sqrt{2}}{4} & \\frac{\\sqrt{2}}{4} + 1 & - \\frac{\\sqrt{2}}{4} & - \\frac{\\sqrt{2}}{4} & 0 & 0 & 0 & 0 & 0 & 0 & 0 & 0 & 0 & 0 & 0 & 0 & 0 & 0 & 0 & 0 & 0 & 0 & 0 & 0 & 0 & 0 & 0 & 0\\\\0 & 0 & -1 & 0 & - \\frac{\\sqrt{2}}{4} & - \\frac{\\sqrt{2}}{4} & \\frac{\\sqrt{2}}{4} + 2 & \\frac{\\sqrt{2}}{4} & 0 & 0 & -1 & 0 & 0 & 0 & 0 & 0 & 0 & 0 & 0 & 0 & 0 & 0 & 0 & 0 & 0 & 0 & 0 & 0 & 0 & 0 & 0 & 0\\\\0 & 0 & 0 & 0 & - \\frac{\\sqrt{2}}{4} & - \\frac{\\sqrt{2}}{4} & \\frac{\\sqrt{2}}{4} & \\frac{\\sqrt{2}}{4} + 1 & 0 & -1 & 0 & 0 & 0 & 0 & 0 & 0 & 0 & 0 & 0 & 0 & 0 & 0 & 0 & 0 & 0 & 0 & 0 & 0 & 0 & 0 & 0 & 0\\\\0 & 0 & 0 & 0 & -1 & 0 & 0 & 0 & \\frac{\\sqrt{2}}{4} + 2 & \\frac{\\sqrt{2}}{4} & - \\frac{\\sqrt{2}}{4} & - \\frac{\\sqrt{2}}{4} & -1 & 0 & 0 & 0 & 0 & 0 & 0 & 0 & 0 & 0 & 0 & 0 & 0 & 0 & 0 & 0 & 0 & 0 & 0 & 0\\\\0 & 0 & 0 & 0 & 0 & 0 & 0 & -1 & \\frac{\\sqrt{2}}{4} & \\frac{\\sqrt{2}}{4} + 1 & - \\frac{\\sqrt{2}}{4} & - \\frac{\\sqrt{2}}{4} & 0 & 0 & 0 & 0 & 0 & 0 & 0 & 0 & 0 & 0 & 0 & 0 & 0 & 0 & 0 & 0 & 0 & 0 & 0 & 0\\\\0 & 0 & 0 & 0 & 0 & 0 & -1 & 0 & - \\frac{\\sqrt{2}}{4} & - \\frac{\\sqrt{2}}{4} & \\frac{3 \\sqrt{2}}{4} + 2 & - \\frac{\\sqrt{2}}{4} & 0 & 0 & 0 & 0 & -1 & 0 & - \\frac{\\sqrt{2}}{2} & \\frac{\\sqrt{2}}{2} & 0 & 0 & 0 & 0 & 0 & 0 & 0 & 0 & 0 & 0 & 0 & 0\\\\0 & 0 & 0 & 0 & 0 & 0 & 0 & 0 & - \\frac{\\sqrt{2}}{4} & - \\frac{\\sqrt{2}}{4} & - \\frac{\\sqrt{2}}{4} & 1 + \\frac{3 \\sqrt{2}}{4} & 0 & -1 & 0 & 0 & 0 & 0 & \\frac{\\sqrt{2}}{2} & - \\frac{\\sqrt{2}}{2} & 0 & 0 & 0 & 0 & 0 & 0 & 0 & 0 & 0 & 0 & 0 & 0\\\\0 & 0 & 0 & 0 & 0 & 0 & 0 & 0 & -1 & 0 & 0 & 0 & \\frac{3 \\sqrt{2}}{4} + 3 & \\frac{\\sqrt{2}}{4} & 0 & 0 & - \\frac{\\sqrt{2}}{2} & - \\frac{\\sqrt{2}}{2} & -2 & 0 & - \\frac{\\sqrt{2}}{4} & \\frac{\\sqrt{2}}{4} & 0 & 0 & 0 & 0 & 0 & 0 & 0 & 0 & 0 & 0\\\\0 & 0 & 0 & 0 & 0 & 0 & 0 & 0 & 0 & 0 & 0 & -1 & \\frac{\\sqrt{2}}{4} & \\frac{3 \\sqrt{2}}{4} + 3 & 0 & -2 & - \\frac{\\sqrt{2}}{2} & - \\frac{\\sqrt{2}}{2} & 0 & 0 & \\frac{\\sqrt{2}}{4} & - \\frac{\\sqrt{2}}{4} & 0 & 0 & 0 & 0 & 0 & 0 & 0 & 0 & 0 & 0\\\\0 & 0 & 0 & 0 & 0 & 0 & 0 & 0 & 0 & 0 & 0 & 0 & 0 & 0 & \\frac{\\sqrt{2}}{4} & \\frac{\\sqrt{2}}{4} & 0 & 0 & - \\frac{\\sqrt{2}}{4} & - \\frac{\\sqrt{2}}{4} & 0 & 0 & 0 & 0 & 0 & 0 & 0 & 0 & 0 & 0 & 0 & 0\\\\0 & 0 & 0 & 0 & 0 & 0 & 0 & 0 & 0 & 0 & 0 & 0 & 0 & -2 & \\frac{\\sqrt{2}}{4} & \\frac{\\sqrt{2}}{4} + 2 & 0 & 0 & - \\frac{\\sqrt{2}}{4} & - \\frac{\\sqrt{2}}{4} & 0 & 0 & 0 & 0 & 0 & 0 & 0 & 0 & 0 & 0 & 0 & 0\\\\0 & 0 & 0 & 0 & 0 & 0 & 0 & 0 & 0 & 0 & -1 & 0 & - \\frac{\\sqrt{2}}{2} & - \\frac{\\sqrt{2}}{2} & 0 & 0 & \\sqrt{2} + 3 & 0 & 0 & 0 & 0 & 0 & -2 & 0 & - \\frac{\\sqrt{2}}{2} & \\frac{\\sqrt{2}}{2} & 0 & 0 & 0 & 0 & 0 & 0\\\\0 & 0 & 0 & 0 & 0 & 0 & 0 & 0 & 0 & 0 & 0 & 0 & - \\frac{\\sqrt{2}}{2} & - \\frac{\\sqrt{2}}{2} & 0 & 0 & 0 & \\sqrt{2} + 2 & 0 & -2 & 0 & 0 & 0 & 0 & \\frac{\\sqrt{2}}{2} & - \\frac{\\sqrt{2}}{2} & 0 & 0 & 0 & 0 & 0 & 0\\\\0 & 0 & 0 & 0 & 0 & 0 & 0 & 0 & 0 & 0 & - \\frac{\\sqrt{2}}{2} & \\frac{\\sqrt{2}}{2} & -2 & 0 & - \\frac{\\sqrt{2}}{4} & - \\frac{\\sqrt{2}}{4} & 0 & 0 & \\frac{3 \\sqrt{2}}{4} + 3 & - \\frac{\\sqrt{2}}{4} & 0 & 0 & 0 & 0 & -1 & 0 & 0 & 0 & 0 & 0 & 0 & 0\\\\0 & 0 & 0 & 0 & 0 & 0 & 0 & 0 & 0 & 0 & \\frac{\\sqrt{2}}{2} & - \\frac{\\sqrt{2}}{2} & 0 & 0 & - \\frac{\\sqrt{2}}{4} & - \\frac{\\sqrt{2}}{4} & 0 & -2 & - \\frac{\\sqrt{2}}{4} & \\frac{3 \\sqrt{2}}{4} + 3 & 0 & -1 & 0 & 0 & 0 & 0 & 0 & 0 & 0 & 0 & 0 & 0\\\\0 & 0 & 0 & 0 & 0 & 0 & 0 & 0 & 0 & 0 & 0 & 0 & - \\frac{\\sqrt{2}}{4} & \\frac{\\sqrt{2}}{4} & 0 & 0 & 0 & 0 & 0 & 0 & \\frac{\\sqrt{2}}{4} & - \\frac{\\sqrt{2}}{4} & 0 & 0 & 0 & 0 & 0 & 0 & 0 & 0 & 0 & 0\\\\0 & 0 & 0 & 0 & 0 & 0 & 0 & 0 & 0 & 0 & 0 & 0 & \\frac{\\sqrt{2}}{4} & - \\frac{\\sqrt{2}}{4} & 0 & 0 & 0 & 0 & 0 & -1 & - \\frac{\\sqrt{2}}{4} & \\frac{\\sqrt{2}}{4} + 1 & 0 & 0 & 0 & 0 & 0 & 0 & 0 & 0 & 0 & 0\\\\0 & 0 & 0 & 0 & 0 & 0 & 0 & 0 & 0 & 0 & 0 & 0 & 0 & 0 & 0 & 0 & -2 & 0 & 0 & 0 & 0 & 0 & \\frac{\\sqrt{2}}{4} + 3 & - \\frac{\\sqrt{2}}{4} & 0 & 0 & -1 & 0 & - \\frac{\\sqrt{2}}{4} & \\frac{\\sqrt{2}}{4} & 0 & 0\\\\0 & 0 & 0 & 0 & 0 & 0 & 0 & 0 & 0 & 0 & 0 & 0 & 0 & 0 & 0 & 0 & 0 & 0 & 0 & 0 & 0 & 0 & - \\frac{\\sqrt{2}}{4} & \\frac{\\sqrt{2}}{4} + 1 & 0 & -1 & 0 & 0 & \\frac{\\sqrt{2}}{4} & - \\frac{\\sqrt{2}}{4} & 0 & 0\\\\0 & 0 & 0 & 0 & 0 & 0 & 0 & 0 & 0 & 0 & 0 & 0 & 0 & 0 & 0 & 0 & - \\frac{\\sqrt{2}}{2} & \\frac{\\sqrt{2}}{2} & -1 & 0 & 0 & 0 & 0 & 0 & \\frac{\\sqrt{2}}{2} + 2 & - \\frac{\\sqrt{2}}{2} & 0 & 0 & -1 & 0 & 0 & 0\\\\0 & 0 & 0 & 0 & 0 & 0 & 0 & 0 & 0 & 0 & 0 & 0 & 0 & 0 & 0 & 0 & \\frac{\\sqrt{2}}{2} & - \\frac{\\sqrt{2}}{2} & 0 & 0 & 0 & 0 & 0 & -1 & - \\frac{\\sqrt{2}}{2} & \\frac{\\sqrt{2}}{2} + 1 & 0 & 0 & 0 & 0 & 0 & 0\\\\0 & 0 & 0 & 0 & 0 & 0 & 0 & 0 & 0 & 0 & 0 & 0 & 0 & 0 & 0 & 0 & 0 & 0 & 0 & 0 & 0 & 0 & -1 & 0 & 0 & 0 & \\frac{\\sqrt{2}}{4} + 1 & - \\frac{\\sqrt{2}}{4} & 0 & 0 & - \\frac{\\sqrt{2}}{4} & \\frac{\\sqrt{2}}{4}\\\\0 & 0 & 0 & 0 & 0 & 0 & 0 & 0 & 0 & 0 & 0 & 0 & 0 & 0 & 0 & 0 & 0 & 0 & 0 & 0 & 0 & 0 & 0 & 0 & 0 & 0 & - \\frac{\\sqrt{2}}{4} & \\frac{\\sqrt{2}}{4} + 1 & 0 & -1 & \\frac{\\sqrt{2}}{4} & - \\frac{\\sqrt{2}}{4}\\\\0 & 0 & 0 & 0 & 0 & 0 & 0 & 0 & 0 & 0 & 0 & 0 & 0 & 0 & 0 & 0 & 0 & 0 & 0 & 0 & 0 & 0 & - \\frac{\\sqrt{2}}{4} & \\frac{\\sqrt{2}}{4} & -1 & 0 & 0 & 0 & \\frac{\\sqrt{2}}{4} + 2 & - \\frac{\\sqrt{2}}{4} & -1 & 0\\\\0 & 0 & 0 & 0 & 0 & 0 & 0 & 0 & 0 & 0 & 0 & 0 & 0 & 0 & 0 & 0 & 0 & 0 & 0 & 0 & 0 & 0 & \\frac{\\sqrt{2}}{4} & - \\frac{\\sqrt{2}}{4} & 0 & 0 & 0 & -1 & - \\frac{\\sqrt{2}}{4} & \\frac{\\sqrt{2}}{4} + 1 & 0 & 0\\\\0 & 0 & 0 & 0 & 0 & 0 & 0 & 0 & 0 & 0 & 0 & 0 & 0 & 0 & 0 & 0 & 0 & 0 & 0 & 0 & 0 & 0 & 0 & 0 & 0 & 0 & - \\frac{\\sqrt{2}}{4} & \\frac{\\sqrt{2}}{4} & -1 & 0 & \\frac{\\sqrt{2}}{4} + 1 & - \\frac{\\sqrt{2}}{4}\\\\0 & 0 & 0 & 0 & 0 & 0 & 0 & 0 & 0 & 0 & 0 & 0 & 0 & 0 & 0 & 0 & 0 & 0 & 0 & 0 & 0 & 0 & 0 & 0 & 0 & 0 & \\frac{\\sqrt{2}}{4} & - \\frac{\\sqrt{2}}{4} & 0 & 0 & - \\frac{\\sqrt{2}}{4} & \\frac{\\sqrt{2}}{4}\\end{array}\\right]$"
      ],
      "text/plain": [
       "Matrix([\n",
       "[sqrt(2)/4 + 1,  sqrt(2)/4,    -sqrt(2)/4,    -sqrt(2)/4,            -1,             0,             0,             0,             0,             0,               0,               0,               0,               0,          0,             0,           0,           0,               0,               0,          0,             0,             0,             0,             0,             0,             0,             0,             0,             0,             0,          0],\n",
       "[    sqrt(2)/4,  sqrt(2)/4,    -sqrt(2)/4,    -sqrt(2)/4,             0,             0,             0,             0,             0,             0,               0,               0,               0,               0,          0,             0,           0,           0,               0,               0,          0,             0,             0,             0,             0,             0,             0,             0,             0,             0,             0,          0],\n",
       "[   -sqrt(2)/4, -sqrt(2)/4, sqrt(2)/4 + 1,     sqrt(2)/4,             0,             0,            -1,             0,             0,             0,               0,               0,               0,               0,          0,             0,           0,           0,               0,               0,          0,             0,             0,             0,             0,             0,             0,             0,             0,             0,             0,          0],\n",
       "[   -sqrt(2)/4, -sqrt(2)/4,     sqrt(2)/4, sqrt(2)/4 + 1,             0,            -1,             0,             0,             0,             0,               0,               0,               0,               0,          0,             0,           0,           0,               0,               0,          0,             0,             0,             0,             0,             0,             0,             0,             0,             0,             0,          0],\n",
       "[           -1,          0,             0,             0, sqrt(2)/4 + 2,     sqrt(2)/4,    -sqrt(2)/4,    -sqrt(2)/4,            -1,             0,               0,               0,               0,               0,          0,             0,           0,           0,               0,               0,          0,             0,             0,             0,             0,             0,             0,             0,             0,             0,             0,          0],\n",
       "[            0,          0,             0,            -1,     sqrt(2)/4, sqrt(2)/4 + 1,    -sqrt(2)/4,    -sqrt(2)/4,             0,             0,               0,               0,               0,               0,          0,             0,           0,           0,               0,               0,          0,             0,             0,             0,             0,             0,             0,             0,             0,             0,             0,          0],\n",
       "[            0,          0,            -1,             0,    -sqrt(2)/4,    -sqrt(2)/4, sqrt(2)/4 + 2,     sqrt(2)/4,             0,             0,              -1,               0,               0,               0,          0,             0,           0,           0,               0,               0,          0,             0,             0,             0,             0,             0,             0,             0,             0,             0,             0,          0],\n",
       "[            0,          0,             0,             0,    -sqrt(2)/4,    -sqrt(2)/4,     sqrt(2)/4, sqrt(2)/4 + 1,             0,            -1,               0,               0,               0,               0,          0,             0,           0,           0,               0,               0,          0,             0,             0,             0,             0,             0,             0,             0,             0,             0,             0,          0],\n",
       "[            0,          0,             0,             0,            -1,             0,             0,             0, sqrt(2)/4 + 2,     sqrt(2)/4,      -sqrt(2)/4,      -sqrt(2)/4,              -1,               0,          0,             0,           0,           0,               0,               0,          0,             0,             0,             0,             0,             0,             0,             0,             0,             0,             0,          0],\n",
       "[            0,          0,             0,             0,             0,             0,             0,            -1,     sqrt(2)/4, sqrt(2)/4 + 1,      -sqrt(2)/4,      -sqrt(2)/4,               0,               0,          0,             0,           0,           0,               0,               0,          0,             0,             0,             0,             0,             0,             0,             0,             0,             0,             0,          0],\n",
       "[            0,          0,             0,             0,             0,             0,            -1,             0,    -sqrt(2)/4,    -sqrt(2)/4, 3*sqrt(2)/4 + 2,      -sqrt(2)/4,               0,               0,          0,             0,          -1,           0,      -sqrt(2)/2,       sqrt(2)/2,          0,             0,             0,             0,             0,             0,             0,             0,             0,             0,             0,          0],\n",
       "[            0,          0,             0,             0,             0,             0,             0,             0,    -sqrt(2)/4,    -sqrt(2)/4,      -sqrt(2)/4, 1 + 3*sqrt(2)/4,               0,              -1,          0,             0,           0,           0,       sqrt(2)/2,      -sqrt(2)/2,          0,             0,             0,             0,             0,             0,             0,             0,             0,             0,             0,          0],\n",
       "[            0,          0,             0,             0,             0,             0,             0,             0,            -1,             0,               0,               0, 3*sqrt(2)/4 + 3,       sqrt(2)/4,          0,             0,  -sqrt(2)/2,  -sqrt(2)/2,              -2,               0, -sqrt(2)/4,     sqrt(2)/4,             0,             0,             0,             0,             0,             0,             0,             0,             0,          0],\n",
       "[            0,          0,             0,             0,             0,             0,             0,             0,             0,             0,               0,              -1,       sqrt(2)/4, 3*sqrt(2)/4 + 3,          0,            -2,  -sqrt(2)/2,  -sqrt(2)/2,               0,               0,  sqrt(2)/4,    -sqrt(2)/4,             0,             0,             0,             0,             0,             0,             0,             0,             0,          0],\n",
       "[            0,          0,             0,             0,             0,             0,             0,             0,             0,             0,               0,               0,               0,               0,  sqrt(2)/4,     sqrt(2)/4,           0,           0,      -sqrt(2)/4,      -sqrt(2)/4,          0,             0,             0,             0,             0,             0,             0,             0,             0,             0,             0,          0],\n",
       "[            0,          0,             0,             0,             0,             0,             0,             0,             0,             0,               0,               0,               0,              -2,  sqrt(2)/4, sqrt(2)/4 + 2,           0,           0,      -sqrt(2)/4,      -sqrt(2)/4,          0,             0,             0,             0,             0,             0,             0,             0,             0,             0,             0,          0],\n",
       "[            0,          0,             0,             0,             0,             0,             0,             0,             0,             0,              -1,               0,      -sqrt(2)/2,      -sqrt(2)/2,          0,             0, sqrt(2) + 3,           0,               0,               0,          0,             0,            -2,             0,    -sqrt(2)/2,     sqrt(2)/2,             0,             0,             0,             0,             0,          0],\n",
       "[            0,          0,             0,             0,             0,             0,             0,             0,             0,             0,               0,               0,      -sqrt(2)/2,      -sqrt(2)/2,          0,             0,           0, sqrt(2) + 2,               0,              -2,          0,             0,             0,             0,     sqrt(2)/2,    -sqrt(2)/2,             0,             0,             0,             0,             0,          0],\n",
       "[            0,          0,             0,             0,             0,             0,             0,             0,             0,             0,      -sqrt(2)/2,       sqrt(2)/2,              -2,               0, -sqrt(2)/4,    -sqrt(2)/4,           0,           0, 3*sqrt(2)/4 + 3,      -sqrt(2)/4,          0,             0,             0,             0,            -1,             0,             0,             0,             0,             0,             0,          0],\n",
       "[            0,          0,             0,             0,             0,             0,             0,             0,             0,             0,       sqrt(2)/2,      -sqrt(2)/2,               0,               0, -sqrt(2)/4,    -sqrt(2)/4,           0,          -2,      -sqrt(2)/4, 3*sqrt(2)/4 + 3,          0,            -1,             0,             0,             0,             0,             0,             0,             0,             0,             0,          0],\n",
       "[            0,          0,             0,             0,             0,             0,             0,             0,             0,             0,               0,               0,      -sqrt(2)/4,       sqrt(2)/4,          0,             0,           0,           0,               0,               0,  sqrt(2)/4,    -sqrt(2)/4,             0,             0,             0,             0,             0,             0,             0,             0,             0,          0],\n",
       "[            0,          0,             0,             0,             0,             0,             0,             0,             0,             0,               0,               0,       sqrt(2)/4,      -sqrt(2)/4,          0,             0,           0,           0,               0,              -1, -sqrt(2)/4, sqrt(2)/4 + 1,             0,             0,             0,             0,             0,             0,             0,             0,             0,          0],\n",
       "[            0,          0,             0,             0,             0,             0,             0,             0,             0,             0,               0,               0,               0,               0,          0,             0,          -2,           0,               0,               0,          0,             0, sqrt(2)/4 + 3,    -sqrt(2)/4,             0,             0,            -1,             0,    -sqrt(2)/4,     sqrt(2)/4,             0,          0],\n",
       "[            0,          0,             0,             0,             0,             0,             0,             0,             0,             0,               0,               0,               0,               0,          0,             0,           0,           0,               0,               0,          0,             0,    -sqrt(2)/4, sqrt(2)/4 + 1,             0,            -1,             0,             0,     sqrt(2)/4,    -sqrt(2)/4,             0,          0],\n",
       "[            0,          0,             0,             0,             0,             0,             0,             0,             0,             0,               0,               0,               0,               0,          0,             0,  -sqrt(2)/2,   sqrt(2)/2,              -1,               0,          0,             0,             0,             0, sqrt(2)/2 + 2,    -sqrt(2)/2,             0,             0,            -1,             0,             0,          0],\n",
       "[            0,          0,             0,             0,             0,             0,             0,             0,             0,             0,               0,               0,               0,               0,          0,             0,   sqrt(2)/2,  -sqrt(2)/2,               0,               0,          0,             0,             0,            -1,    -sqrt(2)/2, sqrt(2)/2 + 1,             0,             0,             0,             0,             0,          0],\n",
       "[            0,          0,             0,             0,             0,             0,             0,             0,             0,             0,               0,               0,               0,               0,          0,             0,           0,           0,               0,               0,          0,             0,            -1,             0,             0,             0, sqrt(2)/4 + 1,    -sqrt(2)/4,             0,             0,    -sqrt(2)/4,  sqrt(2)/4],\n",
       "[            0,          0,             0,             0,             0,             0,             0,             0,             0,             0,               0,               0,               0,               0,          0,             0,           0,           0,               0,               0,          0,             0,             0,             0,             0,             0,    -sqrt(2)/4, sqrt(2)/4 + 1,             0,            -1,     sqrt(2)/4, -sqrt(2)/4],\n",
       "[            0,          0,             0,             0,             0,             0,             0,             0,             0,             0,               0,               0,               0,               0,          0,             0,           0,           0,               0,               0,          0,             0,    -sqrt(2)/4,     sqrt(2)/4,            -1,             0,             0,             0, sqrt(2)/4 + 2,    -sqrt(2)/4,            -1,          0],\n",
       "[            0,          0,             0,             0,             0,             0,             0,             0,             0,             0,               0,               0,               0,               0,          0,             0,           0,           0,               0,               0,          0,             0,     sqrt(2)/4,    -sqrt(2)/4,             0,             0,             0,            -1,    -sqrt(2)/4, sqrt(2)/4 + 1,             0,          0],\n",
       "[            0,          0,             0,             0,             0,             0,             0,             0,             0,             0,               0,               0,               0,               0,          0,             0,           0,           0,               0,               0,          0,             0,             0,             0,             0,             0,    -sqrt(2)/4,     sqrt(2)/4,            -1,             0, sqrt(2)/4 + 1, -sqrt(2)/4],\n",
       "[            0,          0,             0,             0,             0,             0,             0,             0,             0,             0,               0,               0,               0,               0,          0,             0,           0,           0,               0,               0,          0,             0,             0,             0,             0,             0,     sqrt(2)/4,    -sqrt(2)/4,             0,             0,    -sqrt(2)/4,  sqrt(2)/4]])"
      ]
     },
     "execution_count": 5,
     "metadata": {},
     "output_type": "execute_result"
    }
   ],
   "source": [
    "System = CM.DlesSolver2D(Nodes, BeamList)\n",
    "sp.simplify(System.SystemMatrix*L/S)\n"
   ]
  },
  {
   "cell_type": "markdown",
   "metadata": {},
   "source": [
    "Give the known displacements and forces to the split function. The system will subdivide main matrix into the matrixes Kcc, Koc, Kco and Koo for solving the Discrete Linear Elastic System.\n",
    "\n",
    "If the matrix is large with symbols, it's advised to set the parameter \"invert\" to False as shown here and assign Kcc_inv yourself. Otherwise remove or set the optional parameter to True. Do note that inversion is often a expensive calculation using symbolic methodes. Hence why in the example below covert it to numeric before inversion.\n"
   ]
  },
  {
   "cell_type": "code",
   "execution_count": 6,
   "metadata": {},
   "outputs": [
    {
     "data": {
      "text/latex": [
       "$\\displaystyle \\left[\\begin{array}{cccccccccccccccccccccccc}1.81 & -1.14 & 0.344 & -0.908 & 1.05 & -0.945 & 0.452 & -0.708 & 0.524 & -0.111 & 0.323 & -0.00576 & 0.366 & -0.0801 & 0.328 & -0.122 & 0.305 & -0.0212 & 0.279 & -0.0815 & 0.245 & 0.0742 & 0.17 & 0.0139\\\\-1.14 & 3.08 & -0.402 & 2.76 & -0.461 & 1.93 & -0.488 & 1.61 & -0.0922 & 0.323 & -0.259 & 0.087 & -0.119 & 0.0322 & -0.235 & 0.0677 & -0.108 & -0.0429 & -0.168 & -0.0319 & -0.0973 & -0.0662 & -0.0894 & -0.0552\\\\0.344 & -0.402 & 0.735 & -0.423 & 0.324 & -0.0697 & 0.49 & -0.0902 & 0.283 & 0.0586 & 0.265 & 0.0349 & 0.225 & 0.0249 & 0.211 & -0.00841 & 0.194 & 0.0472 & 0.172 & 0.0161 & 0.163 & 0.0744 & 0.102 & 0.0433\\\\-0.908 & 2.76 & -0.423 & 3.42 & -0.252 & 2.28 & -0.501 & 1.93 & 0.0605 & 0.398 & -0.236 & 0.116 & -0.0322 & 0.0153 & -0.203 & 0.0487 & -0.0386 & -0.0656 & -0.129 & -0.0721 & -0.0451 & -0.0634 & -0.0611 & -0.0698\\\\1.05 & -0.461 & 0.324 & -0.252 & 1.26 & -0.597 & 0.439 & -0.388 & 0.677 & -0.0359 & 0.346 & 0.023 & 0.453 & -0.0971 & 0.36 & -0.141 & 0.375 & -0.0438 & 0.318 & -0.122 & 0.297 & 0.077 & 0.198 & -0.000752\\\\-0.945 & 1.93 & -0.0697 & 2.28 & -0.597 & 3.79 & -0.487 & 3.14 & 0.0986 & 0.705 & -0.253 & 0.209 & -0.0136 & 0.0894 & -0.259 & 0.127 & -0.0228 & -0.0386 & -0.164 & -0.0478 & -0.032 & -0.0579 & -0.0773 & -0.0671\\\\0.452 & -0.488 & 0.49 & -0.501 & 0.439 & -0.487 & 0.992 & -0.5 & 0.413 & 0.0422 & 0.508 & 0.041 & 0.363 & 0.0667 & 0.39 & 0.0022 & 0.318 & 0.117 & 0.305 & 0.0723 & 0.273 & 0.146 & 0.175 & 0.101\\\\-0.708 & 1.61 & -0.0902 & 1.93 & -0.388 & 3.14 & -0.5 & 3.46 & 0.251 & 0.78 & -0.23 & 0.238 & 0.0735 & 0.0724 & -0.227 & 0.108 & 0.0469 & -0.0613 & -0.125 & -0.0879 & 0.0202 & -0.0551 & -0.049 & -0.0818\\\\0.524 & -0.0922 & 0.283 & 0.0605 & 0.677 & 0.0986 & 0.413 & 0.251 & 0.982 & 0.114 & 0.391 & 0.0804 & 0.627 & -0.131 & 0.426 & -0.179 & 0.514 & -0.0892 & 0.396 & -0.202 & 0.401 & 0.0827 & 0.255 & -0.03\\\\-0.111 & 0.323 & 0.0586 & 0.398 & -0.0359 & 0.705 & 0.0422 & 0.78 & 0.114 & 0.921 & -0.0494 & 0.279 & 0.0558 & 0.222 & -0.17 & 0.235 & 0.0476 & 0.0809 & -0.105 & 0.0728 & 0.0394 & 0.0162 & -0.0485 & 0.00801\\\\0.323 & -0.259 & 0.265 & -0.236 & 0.346 & -0.253 & 0.508 & -0.23 & 0.391 & -0.0494 & 0.727 & 0.0184 & 0.414 & 0.126 & 0.536 & 0.0318 & 0.372 & 0.21 & 0.398 & 0.169 & 0.331 & 0.215 & 0.22 & 0.174\\\\-0.00576 & 0.087 & 0.0349 & 0.116 & 0.023 & 0.209 & 0.041 & 0.238 & 0.0804 & 0.279 & 0.0184 & 0.36 & 0.114 & 0.156 & -0.0149 & 0.11 & 0.0999 & 0.0805 & 0.00441 & 0.0661 & 0.0856 & 0.0449 & 0.00939 & 0.0306\\\\0.366 & -0.119 & 0.225 & -0.0322 & 0.453 & -0.0136 & 0.363 & 0.0735 & 0.627 & 0.0558 & 0.414 & 0.114 & 0.917 & -0.132 & 0.401 & -0.13 & 0.74 & -0.179 & 0.444 & -0.356 & 0.564 & 0.0653 & 0.31 & -0.111\\\\-0.0801 & 0.0322 & 0.0249 & 0.0153 & -0.0971 & 0.0894 & 0.0667 & 0.0724 & -0.131 & 0.222 & 0.126 & 0.156 & -0.132 & 0.775 & 0.0218 & 0.445 & -0.0474 & 0.632 & -0.0703 & 0.717 & 0.0374 & 0.277 & -0.0775 & 0.362\\\\0.328 & -0.235 & 0.211 & -0.203 & 0.36 & -0.259 & 0.39 & -0.227 & 0.426 & -0.17 & 0.536 & -0.0149 & 0.401 & 0.0218 & 0.741 & -0.0286 & 0.37 & 0.221 & 0.525 & 0.19 & 0.338 & 0.25 & 0.278 & 0.219\\\\-0.122 & 0.0677 & -0.00841 & 0.0487 & -0.141 & 0.127 & 0.0022 & 0.108 & -0.179 & 0.235 & 0.0318 & 0.11 & -0.13 & 0.445 & -0.0286 & 0.535 & -0.0724 & 0.36 & -0.0763 & 0.417 & -0.0151 & 0.147 & -0.0667 & 0.204\\\\0.305 & -0.108 & 0.194 & -0.0386 & 0.375 & -0.0228 & 0.318 & 0.0469 & 0.514 & 0.0476 & 0.372 & 0.0999 & 0.74 & -0.0474 & 0.37 & -0.0724 & 1.03 & 0.162 & 0.452 & -0.0438 & 0.828 & 0.246 & 0.329 & 0.0397\\\\-0.0212 & -0.0429 & 0.0472 & -0.0656 & -0.0438 & -0.0386 & 0.117 & -0.0613 & -0.0892 & 0.0809 & 0.21 & 0.0805 & -0.179 & 0.632 & 0.221 & 0.36 & 0.162 & 2.87 & 0.473 & 2.22 & 0.504 & 1.47 & 0.0656 & 1.81\\\\0.279 & -0.168 & 0.172 & -0.129 & 0.318 & -0.164 & 0.305 & -0.125 & 0.396 & -0.105 & 0.398 & 0.00441 & 0.444 & -0.0703 & 0.525 & -0.0763 & 0.452 & 0.473 & 1.01 & 0.482 & 0.461 & 0.486 & 0.5 & 0.495\\\\-0.0815 & -0.0319 & 0.0161 & -0.0721 & -0.122 & -0.0478 & 0.0723 & -0.0879 & -0.202 & 0.0728 & 0.169 & 0.0661 & -0.356 & 0.717 & 0.19 & 0.417 & -0.0438 & 2.22 & 0.482 & 2.53 & 0.268 & 1.15 & 0.0849 & 1.46\\\\0.245 & -0.0973 & 0.163 & -0.0451 & 0.297 & -0.032 & 0.273 & 0.0202 & 0.401 & 0.0394 & 0.331 & 0.0856 & 0.564 & 0.0374 & 0.338 & -0.0151 & 0.828 & 0.504 & 0.461 & 0.268 & 1.59 & 0.926 & 0.348 & 0.69\\\\0.0742 & -0.0662 & 0.0744 & -0.0634 & 0.077 & -0.0579 & 0.146 & -0.0551 & 0.0827 & 0.0162 & 0.215 & 0.0449 & 0.0653 & 0.277 & 0.25 & 0.147 & 0.246 & 1.47 & 0.486 & 1.15 & 0.926 & 2.85 & 0.403 & 2.53\\\\0.17 & -0.0894 & 0.102 & -0.0611 & 0.198 & -0.0773 & 0.175 & -0.049 & 0.255 & -0.0485 & 0.22 & 0.00939 & 0.31 & -0.0775 & 0.278 & -0.0667 & 0.329 & 0.0656 & 0.5 & 0.0849 & 0.348 & 0.403 & 0.74 & 0.422\\\\0.0139 & -0.0552 & 0.0433 & -0.0698 & -0.000752 & -0.0671 & 0.101 & -0.0818 & -0.03 & 0.00801 & 0.174 & 0.0306 & -0.111 & 0.362 & 0.219 & 0.204 & 0.0397 & 1.81 & 0.495 & 1.46 & 0.69 & 2.53 & 0.422 & 3.18\\end{array}\\right]$"
      ],
      "text/plain": [
       "Matrix([\n",
       "[    1.81,   -1.14,    0.344,  -0.908,      1.05,  -0.945,  0.452,  -0.708,   0.524,  -0.111,   0.323, -0.00576,   0.366, -0.0801,   0.328,   -0.122,   0.305, -0.0212,   0.279, -0.0815,   0.245,  0.0742,    0.17,    0.0139],\n",
       "[   -1.14,    3.08,   -0.402,    2.76,    -0.461,    1.93, -0.488,    1.61, -0.0922,   0.323,  -0.259,    0.087,  -0.119,  0.0322,  -0.235,   0.0677,  -0.108, -0.0429,  -0.168, -0.0319, -0.0973, -0.0662, -0.0894,   -0.0552],\n",
       "[   0.344,  -0.402,    0.735,  -0.423,     0.324, -0.0697,   0.49, -0.0902,   0.283,  0.0586,   0.265,   0.0349,   0.225,  0.0249,   0.211, -0.00841,   0.194,  0.0472,   0.172,  0.0161,   0.163,  0.0744,   0.102,    0.0433],\n",
       "[  -0.908,    2.76,   -0.423,    3.42,    -0.252,    2.28, -0.501,    1.93,  0.0605,   0.398,  -0.236,    0.116, -0.0322,  0.0153,  -0.203,   0.0487, -0.0386, -0.0656,  -0.129, -0.0721, -0.0451, -0.0634, -0.0611,   -0.0698],\n",
       "[    1.05,  -0.461,    0.324,  -0.252,      1.26,  -0.597,  0.439,  -0.388,   0.677, -0.0359,   0.346,    0.023,   0.453, -0.0971,    0.36,   -0.141,   0.375, -0.0438,   0.318,  -0.122,   0.297,   0.077,   0.198, -0.000752],\n",
       "[  -0.945,    1.93,  -0.0697,    2.28,    -0.597,    3.79, -0.487,    3.14,  0.0986,   0.705,  -0.253,    0.209, -0.0136,  0.0894,  -0.259,    0.127, -0.0228, -0.0386,  -0.164, -0.0478,  -0.032, -0.0579, -0.0773,   -0.0671],\n",
       "[   0.452,  -0.488,     0.49,  -0.501,     0.439,  -0.487,  0.992,    -0.5,   0.413,  0.0422,   0.508,    0.041,   0.363,  0.0667,    0.39,   0.0022,   0.318,   0.117,   0.305,  0.0723,   0.273,   0.146,   0.175,     0.101],\n",
       "[  -0.708,    1.61,  -0.0902,    1.93,    -0.388,    3.14,   -0.5,    3.46,   0.251,    0.78,   -0.23,    0.238,  0.0735,  0.0724,  -0.227,    0.108,  0.0469, -0.0613,  -0.125, -0.0879,  0.0202, -0.0551,  -0.049,   -0.0818],\n",
       "[   0.524, -0.0922,    0.283,  0.0605,     0.677,  0.0986,  0.413,   0.251,   0.982,   0.114,   0.391,   0.0804,   0.627,  -0.131,   0.426,   -0.179,   0.514, -0.0892,   0.396,  -0.202,   0.401,  0.0827,   0.255,     -0.03],\n",
       "[  -0.111,   0.323,   0.0586,   0.398,   -0.0359,   0.705, 0.0422,    0.78,   0.114,   0.921, -0.0494,    0.279,  0.0558,   0.222,   -0.17,    0.235,  0.0476,  0.0809,  -0.105,  0.0728,  0.0394,  0.0162, -0.0485,   0.00801],\n",
       "[   0.323,  -0.259,    0.265,  -0.236,     0.346,  -0.253,  0.508,   -0.23,   0.391, -0.0494,   0.727,   0.0184,   0.414,   0.126,   0.536,   0.0318,   0.372,    0.21,   0.398,   0.169,   0.331,   0.215,    0.22,     0.174],\n",
       "[-0.00576,   0.087,   0.0349,   0.116,     0.023,   0.209,  0.041,   0.238,  0.0804,   0.279,  0.0184,     0.36,   0.114,   0.156, -0.0149,     0.11,  0.0999,  0.0805, 0.00441,  0.0661,  0.0856,  0.0449, 0.00939,    0.0306],\n",
       "[   0.366,  -0.119,    0.225, -0.0322,     0.453, -0.0136,  0.363,  0.0735,   0.627,  0.0558,   0.414,    0.114,   0.917,  -0.132,   0.401,    -0.13,    0.74,  -0.179,   0.444,  -0.356,   0.564,  0.0653,    0.31,    -0.111],\n",
       "[ -0.0801,  0.0322,   0.0249,  0.0153,   -0.0971,  0.0894, 0.0667,  0.0724,  -0.131,   0.222,   0.126,    0.156,  -0.132,   0.775,  0.0218,    0.445, -0.0474,   0.632, -0.0703,   0.717,  0.0374,   0.277, -0.0775,     0.362],\n",
       "[   0.328,  -0.235,    0.211,  -0.203,      0.36,  -0.259,   0.39,  -0.227,   0.426,   -0.17,   0.536,  -0.0149,   0.401,  0.0218,   0.741,  -0.0286,    0.37,   0.221,   0.525,    0.19,   0.338,    0.25,   0.278,     0.219],\n",
       "[  -0.122,  0.0677, -0.00841,  0.0487,    -0.141,   0.127, 0.0022,   0.108,  -0.179,   0.235,  0.0318,     0.11,   -0.13,   0.445, -0.0286,    0.535, -0.0724,    0.36, -0.0763,   0.417, -0.0151,   0.147, -0.0667,     0.204],\n",
       "[   0.305,  -0.108,    0.194, -0.0386,     0.375, -0.0228,  0.318,  0.0469,   0.514,  0.0476,   0.372,   0.0999,    0.74, -0.0474,    0.37,  -0.0724,    1.03,   0.162,   0.452, -0.0438,   0.828,   0.246,   0.329,    0.0397],\n",
       "[ -0.0212, -0.0429,   0.0472, -0.0656,   -0.0438, -0.0386,  0.117, -0.0613, -0.0892,  0.0809,    0.21,   0.0805,  -0.179,   0.632,   0.221,     0.36,   0.162,    2.87,   0.473,    2.22,   0.504,    1.47,  0.0656,      1.81],\n",
       "[   0.279,  -0.168,    0.172,  -0.129,     0.318,  -0.164,  0.305,  -0.125,   0.396,  -0.105,   0.398,  0.00441,   0.444, -0.0703,   0.525,  -0.0763,   0.452,   0.473,    1.01,   0.482,   0.461,   0.486,     0.5,     0.495],\n",
       "[ -0.0815, -0.0319,   0.0161, -0.0721,    -0.122, -0.0478, 0.0723, -0.0879,  -0.202,  0.0728,   0.169,   0.0661,  -0.356,   0.717,    0.19,    0.417, -0.0438,    2.22,   0.482,    2.53,   0.268,    1.15,  0.0849,      1.46],\n",
       "[   0.245, -0.0973,    0.163, -0.0451,     0.297,  -0.032,  0.273,  0.0202,   0.401,  0.0394,   0.331,   0.0856,   0.564,  0.0374,   0.338,  -0.0151,   0.828,   0.504,   0.461,   0.268,    1.59,   0.926,   0.348,      0.69],\n",
